@Scatterer_atmosphere:BEFORE[MRKI]
{
    !Atmo:HAS[#name[Duna]]{}
}
@Scatterer_atmosphere:FOR[MRKI]
{
	Atmo
	{
		name = Duna
		atmosphereStartRadiusScale = 1
		HR = 3.1500001
		HM = 1.09999995
		m_betaR = 0.0213760007,0.0213760007,0.0196359996
		BETA_MSca = 0,0.00800000038,0.0149999997
		m_mieG = 0.850000024
		ozoneAbsorption = 0.000493593689,0.00142889097,6.45468826E-05
		ozoneHeight = 20
		ozoneFalloff = 12
		useOzone = False
		averageGroundReflectance = 0.100000001
		multipleScattering = True
		godrayStrength = 0.200000003
		flattenScaledSpaceMesh = 0.0100000024
		rimBlend = 20
		rimpower = 1500
		specR = 2
		specG = 2
		specB = 2
		shininess = 15
		noonSunlightExtinctionStrength = 1
		cloudColorMultiplier = 3
		cloudScatteringMultiplier = 0.200000003
		cloudSkyIrradianceMultiplier = 0.0500000007
		volumetricsColorMultiplier = 1
		EVEIntegration_preserveCloudColors = False
		adjustScaledTexture = False
		configPoints
		{
			Item
			{
				altitude = 0
				skyExposure = 0.529999971
				skyAlpha = 1
				skyExtinctionTint = 0.129999995
				scatteringExposure = 0.529999971
				extinctionThickness = 0.230000004
				postProcessAlpha = 1
				postProcessDepth = 0
				extinctionTint = 0.129999995
			}
			Item
			{
				altitude = 10000
				skyExposure = 0.0500000007
				skyAlpha = 1
				skyExtinctionTint = 0.129999995
				scatteringExposure = 0.150000006
				extinctionThickness = 0.230000004
				postProcessAlpha = 1
				postProcessDepth = 1.99999995E-05
				extinctionTint = 0.129999995
			}
		}
	}
}
